# This file contains the state of a regularly-spaced histogram
# The layout for the histogram data is as follows:
# - [integer] the out-of-range policy (0 = DO_NOTHING, 1 = THROW)
# - [integer] the number of bins
# - [floating-point] the minimum value
# - [floating-point] the maximum value
# ... followed by the count in each histogram bin, in single-column order...
0
1024
0.00000000e00
5.92353010e00
0
0
0
0
0
0
0
0
0
0
0
0
0
0
0
0
0
0
0
0
0
0
0
0
0
0
0
0
0
0
0
0
0
0
0
0
0
0
0
0
0
0
0
0
0
0
0
0
0
0
0
0
0
0
0
0
0
0
0
0
0
0
0
0
0
0
0
0
0
0
0
0
0
0
0
0
0
0
0
0
0
0
0
0
0
0
0
0
0
0
0
0
0
0
0
0
0
0
0
0
0
0
0
0
0
0
0
0
0
0
0
0
0
0
0
0
0
0
0
0
0
0
0
0
0
0
0
0
0
0
0
0
0
0
0
0
0
0
0
0
0
0
0
0
0
0
0
0
0
0
0
0
0
0
0
0
0
0
0
0
0
0
0
0
0
0
0
0
0
0
0
0
0
0
0
0
0
0
0
0
0
0
0
0
0
0
0
0
0
0
0
0
0
0
0
0
0
0
0
0
0
0
0
0
0
0
0
0
0
0
0
0
0
0
0
0
0
0
0
0
0
0
0
0
0
0
0
0
0
0
0
0
0
0
0
0
0
0
0
0
0
0
0
0
0
0
0
0
0
0
0
0
0
0
0
0
0
0
0
0
0
0
0
0
0
0
0
0
0
0
0
0
0
0
0
0
0
0
0
0
0
0
0
0
0
0
0
0
0
0
0
0
0
0
0
0
0
0
0
0
0
0
0
0
0
0
0
0
0
0
0
0
0
0
0
0
0
0
0
0
0
0
0
0
0
0
0
0
0
0
0
0
0
0
0
0
0
0
0
0
0
0
0
0
0
0
0
0
0
0
0
0
0
0
0
0
0
0
0
0
0
0
0
0
0
0
0
0
0
0
0
0
0
0
0
0
0
0
0
0
0
0
0
0
0
0
0
0
0
0
0
1
4
19
37
123
313
656
1171
2166
3504
5309
7131
9517
11625
13748
15814
18171
20245
22062
23928
26279
29481
33466
38896
46227
55332
64639
72487
78834
80421
77668
71330
61936
50307
38991
28470
19782
13000
8158
4728
2770
1467
796
340
167
63
37
17
7
0
0
0
0
0
0
0
0
0
0
0
0
0
0
0
0
0
0
0
0
0
0
0
0
0
0
0
0
0
0
0
0
0
0
0
0
0
0
0
0
0
0
0
0
0
0
0
0
0
0
0
0
0
0
0
0
0
0
0
0
0
0
0
0
0
0
0
0
0
0
0
0
0
0
0
0
0
0
0
0
0
0
0
0
0
0
0
0
0
0
0
0
0
0
0
0
0
0
0
0
0
0
0
0
0
0
0
0
0
0
0
0
0
0
0
0
0
0
0
0
0
0
1
1
3
11
24
55
106
218
335
602
881
1312
2027
2786
3854
5335
6820
8474
10707
12798
14948
16833
18541
19631
20965
22065
23359
24377
26042
27209
27892
29266
29264
29127
27005
24986
21894
18826
15206
11749
8805
6076
4223
2614
1592
940
512
285
134
64
25
7
5
2
0
1
0
0
0
0
0
0
0
0
0
0
0
0
0
0
0
0
0
0
0
0
0
0
0
0
0
0
0
0
0
0
0
0
0
0
0
0
1
0
2
3
14
20
44
102
206
319
542
832
1183
1706
2260
2794
3292
3903
4262
4557
4831
4911
5246
5227
5519
5996
6548
7547
8388
9535
10348
10876
11082
10602
9694
8392
7043
5551
4378
3163
2340
1513
937
603
364
249
215
303
613
1032
1789
2853
4332
6345
9197
12914
17294
22290
28423
34628
41553
48591
54000
58238
61933
64122
66180
67574
70219
72719
75617
79321
82405
83790
83327
80411
74405
66481
56597
46025
36309
26708
19394
13380
8723
5353
3129
1827
999
482
241
113
50
25
4
1
1
0
0
0
0
0
0
0
0
0
0
0
0
0
0
0
0
0
0
0
0
0
0
0
3
14
29
82
158
299
586
972
1716
2831
4458
6441
9224
12804
17123
21592
26694
32099
36690
40927
43740
45839
47233
47223
47397
48139
48374
49122
50708
51118
51688
50681
48569
44642
39709
34037
27868
22010
16437
11821
8207
5428
3799
2784
2413
2679
3354
4718
6214
8178
10295
12797
14921
17091
18860
19960
20618
21209
21089
20988
21808
22082
23387
24942
26411
27384
27665
26953
25044
22675
19651
16006
12779
9571
6887
4860
3116
2021
1117
699
357
186
84
51
15
4
4
2
0
0
0
0
0
0
0
0
0
0
0
0
0
0
0
0
0
0
0
0
0
0
0
0
0
0
0
0
0
0
0
0
0
0
0
0
0
0
0
0
0
0
0
1
1
0
6
10
39
64
139
323
532
990
1698
2783
4340
6530
8993
12319
16259
20820
25130
29912
34496
38604
42160
44999
47177
48308
50094
50105
50209
49991
49972
49216
48716
47195
45235
42510
38711
34914
29677
24489
19370
14585
10609
7366
4839
3097
1865
1071
592
299
170
60
20
18
7
2
3
1
0
1
0
4
11
34
71
145
276
475
778
1372
2114
3052
4429
6021
7974
10464
13684
17083
21037
25581
30196
35865
40575
45396
49194
51709
53346
53507
53006
51155
49621
48402
46348
45286
43680
41602
38394
35524
31278
27053
22807
18360
15218
12845
11675
11295
12033
13804
15891
18644
20886
22937
24835
25644
25930
25835
25050
24134
