# number of accepted and rejected moves in the centre of mass position move
00000         66        114
00001         85         95
00002         77        103
00003         70        110
00004         73        107
00005         84         96
00006         88         92
00007         74        106
00008         80        100
00009         75        105
00010         78        102
00011         73        107
00012         70        110
00013         87         93
00014         84         96
00015         73        107
00016         82         98
00017         65        115
00018         87         93
00019         73        107
00020         72        108
00021         88         92
00022         62        118
00023         81         99
00024         75        105
00025         76        104
00026         96         84
00027         82         98
00028         75        105
00029         82         98
00030         82         98
00031         74        106
00032         79        101
00033         76        104
00034         81         99
00035         84         96
00036         83         97
00037         68        112
00038         81         99
00039         87         93
00040         74        106
00041         82         98
00042         69        111
00043         77        103
00044         67        113
00045         78        102
00046         77        103
00047         82         98
00048         77        103
00049         73        107
00050         82         98
00051         74        106
00052         69        111
00053         83         97
00054         86         94
00055         75        105
00056         81         99
00057         76        104
00058         71        109
00059         72        108
00060         85         95
00061         87         93
00062         77        103
00063         62        118
00064         62        118
00065         65        115
00066         76        104
00067         83         97
00068         78        102
00069         73        107
00070         81         99
00071         70        110
00072         71        109
00073         74        106
00074         65        115
00075         80        100
00076         78        102
00077         78        102
00078         72        108
00079         84         96
00080         83         97
00081         80        100
00082         71        109
00083         78        102
00084         72        108
00085         81         99
00086         66        114
00087         78        102
00088         74        106
00089         75        105
00090         75        105
00091         86         94
00092         82         98
00093         70        110
00094         83         97
00095         85         95
00096         84         96
00097         80        100
00098         80        100
00099         80        100
00100         84         96
00101         86         94
00102         82         98
00103         82         98
00104         87         93
00105         66        114
00106         81         99
00107         78        102
00108         85         95
00109         77        103
00110         71        109
00111         76        104
00112         66        114
00113         76        104
00114         68        112
00115         77        103
00116         72        108
00117         89         91
00118         75        105
00119         71        109
00120         91         89
00121         60        120
00122         82         98
00123         78        102
00124         72        108
00125         79        101
00126         78        102
00127         77        103
00128         87         93
00129         82         98
00130         85         95
00131         78        102
00132         88         92
00133         83         97
00134         83         97
00135         86         94
00136         94         86
00137         75        105
00138         82         98
00139         84         96
00140         82         98
00141         88         92
00142         78        102
00143         80        100
00144         85         95
00145         73        107
00146         88         92
00147         71        109
00148         73        107
00149         82         98
00150         73        107
00151         84         96
00152         73        107
00153         74        106
00154         86         94
00155         80        100
00156         66        114
00157         74        106
00158         63        117
00159         77        103
00160         76        104
00161         89         91
00162         76        104
00163         82         98
00164         87         93
00165         70        110
00166         88         92
00167         75        105
00168         76        104
00169         83         97
00170         76        104
00171         83         97
00172         76        104
00173         66        114
00174         63        117
00175         87         93
00176         72        108
00177         84         96
00178         67        113
00179         81         99
00180         73        107
00181         80        100
00182         79        101
00183         79        101
00184         83         97
00185         80        100
00186         73        107
00187         67        113
00188         78        102
00189         69        111
00190         74        106
00191         82         98
00192         83         97
00193         78        102
00194         84         96
00195         76        104
00196         81         99
00197         73        107
00198         74        106
00199         71        109
00200         77        103
00201         72        108
00202         75        105
00203         78        102
00204         90         90
00205         73        107
00206         73        107
00207         74        106
00208         88         92
00209         79        101
00210         76        104
00211         70        110
00212         74        106
00213         72        108
00214         83         97
00215         76        104
00216         74        106
00217         81         99
00218         80        100
00219         89         91
00220         73        107
00221         74        106
00222         86         94
00223         85         95
00224         82         98
00225         71        109
00226         79        101
00227         79        101
00228         79        101
00229         72        108
00230         70        110
00231         90         90
00232         80        100
00233         83         97
00234         83         97
00235         78        102
00236         72        108
00237         79        101
00238         86         94
00239         74        106
00240         74        106
00241         84         96
00242         79        101
00243         80        100
00244         72        108
00245         71        109
00246         85         95
00247         79        101
00248         76        104
00249         88         92
00250         84         96
00251         81         99
00252         76        104
00253         85         95
00254         72        108
00255         73        107
00256         85         95
00257         69        111
00258         82         98
00259         88         92
00260         80        100
00261         96         84
00262         75        105
00263         77        103
00264         84         96
00265         76        104
00266         77        103
00267         71        109
00268         76        104
00269         78        102
00270         87         93
00271         78        102
00272         80        100
00273         85         95
00274         83         97
00275         59        121
00276         89         91
00277         79        101
00278         76        104
00279         83         97
00280         80        100
00281         85         95
00282         74        106
00283         71        109
00284         82         98
00285         66        114
00286         63        117
00287         84         96
00288         85         95
00289         81         99
00290         71        109
00291         97         83
00292         87         93
00293         71        109
00294         79        101
00295         72        108
00296         77        103
00297         81         99
00298         74        106
00299         70        110
00300         92         88
00301         78        102
00302         74        106
00303         82         98
00304         81         99
00305         83         97
00306         76        104
00307         70        110
00308         78        102
00309         71        109
00310         71        109
00311         71        109
00312         73        107
00313         80        100
00314         89         91
00315         69        111
00316         75        105
00317         67        113
00318         80        100
00319         73        107
00320         76        104
00321         89         91
00322         72        108
00323         86         94
00324         68        112
00325         70        110
00326         71        109
00327         57        123
00328         77        103
00329         84         96
00330         79        101
00331         75        105
00332         72        108
00333         64        116
00334         78        102
00335         71        109
00336         79        101
00337         81         99
00338         86         94
00339         70        110
00340         80        100
00341         72        108
00342         85         95
00343         80        100
00344         82         98
00345         70        110
00346         72        108
00347         69        111
00348         83         97
00349         79        101
00350         79        101
00351         88         92
00352         67        113
00353         70        110
00354         69        111
00355         83         97
00356         72        108
00357         85         95
00358         69        111
00359         68        112
00360         81         99
00361         77        103
00362         84         96
00363         78        102
00364         85         95
00365         82         98
00366         73        107
00367         77        103
00368         78        102
00369         67        113
00370         77        103
00371         70        110
00372         77        103
00373         69        111
00374         88         92
00375         80        100
00376         80        100
00377         80        100
00378         78        102
00379         76        104
00380         79        101
00381         76        104
00382         79        101
00383         81         99
00384         79        101
00385         82         98
00386         69        111
00387         81         99
00388         71        109
00389         79        101
00390         85         95
00391         92         88
00392         80        100
00393         79        101
00394         80        100
00395         79        101
00396         82         98
00397         79        101
00398         81         99
00399         81         99
00400         70        110
00401         72        108
00402         89         91
00403         65        115
00404         70        110
00405         73        107
00406         80        100
00407         71        109
00408         79        101
00409         71        109
00410         75        105
00411         75        105
00412         64        116
00413         82         98
00414         63        117
00415         77        103
00416         81         99
00417         81         99
00418         88         92
00419         82         98
00420         73        107
00421         78        102
00422         75        105
00423         83         97
00424         68        112
00425         77        103
00426         76        104
00427         76        104
00428         74        106
00429         77        103
00430         80        100
00431         76        104
00432         72        108
00433         68        112
00434         83         97
00435         82         98
00436         79        101
00437         71        109
00438         74        106
00439         71        109
00440         78        102
00441         68        112
00442         84         96
00443         86         94
00444         70        110
00445         79        101
00446         83         97
00447         67        113
00448         67        113
00449         74        106
00450         70        110
00451         77        103
00452         81         99
00453         75        105
00454         79        101
00455         72        108
00456         83         97
00457         71        109
00458         87         93
00459         92         88
00460         82         98
00461         78        102
00462         66        114
00463         79        101
00464         87         93
00465         78        102
00466         84         96
00467         78        102
00468         79        101
00469         78        102
00470         77        103
00471         70        110
00472         68        112
00473         80        100
00474         82         98
00475         64        116
00476         78        102
00477         80        100
00478         72        108
00479         73        107
00480         69        111
00481         72        108
00482         80        100
00483         81         99
00484         65        115
00485         82         98
00486         89         91
00487         90         90
00488         76        104
00489         73        107
00490         79        101
00491         68        112
00492         85         95
00493         87         93
00494         69        111
00495         78        102
00496         71        109
00497         76        104
00498         78        102
00499         72        108
00500         80        100
00501         80        100
00502         76        104
00503         71        109
00504         82         98
00505         77        103
00506         77        103
00507         74        106
00508         78        102
00509         86         94
00510         80        100
00511         68        112
00512         85         95
00513         82         98
00514         78        102
00515         71        109
00516         71        109
00517         64        116
00518         78        102
00519         66        114
00520         83         97
00521         76        104
00522         87         93
00523         68        112
00524         80        100
00525         65        115
00526         83         97
00527         74        106
00528         85         95
00529         78        102
00530         88         92
00531         94         86
00532         88         92
00533         85         95
00534         82         98
00535         74        106
00536         77        103
00537         85         95
00538         72        108
00539         68        112
00540         79        101
00541         73        107
00542         78        102
00543         86         94
00544         70        110
00545         71        109
00546         76        104
00547         67        113
00548         90         90
00549         70        110
00550         77        103
00551         85         95
00552         82         98
00553         68        112
00554         81         99
00555         78        102
00556         83         97
00557         81         99
00558         77        103
00559         74        106
00560         85         95
00561         69        111
00562         77        103
00563         69        111
00564         75        105
00565         75        105
00566         76        104
00567         80        100
00568         75        105
00569         79        101
00570         91         89
00571         85         95
00572         72        108
00573         76        104
00574         79        101
00575         70        110
00576         69        111
00577         74        106
00578         78        102
00579         77        103
00580         75        105
00581         72        108
00582         67        113
00583         78        102
00584         61        119
00585         86         94
00586         81         99
00587         75        105
00588         82         98
00589         85         95
00590         78        102
00591         95         85
00592         82         98
00593         85         95
00594         78        102
00595         80        100
00596         74        106
00597         70        110
00598         78        102
00599         75        105
00600         78        102
00601         76        104
00602         80        100
00603         75        105
00604         74        106
00605         80        100
00606         69        111
00607         79        101
00608         69        111
00609         69        111
00610         75        105
00611         78        102
00612         75        105
00613         72        108
00614         76        104
00615         80        100
00616         84         96
00617         85         95
00618         93         87
00619         72        108
00620         74        106
00621         90         90
00622         77        103
00623         74        106
00624         78        102
00625         88         92
00626         62        118
00627         79        101
00628         88         92
00629         74        106
00630         76        104
00631         84         96
00632         82         98
00633         88         92
00634         66        114
00635         83         97
00636         70        110
00637         82         98
00638         72        108
00639         77        103
00640         81         99
00641         66        114
00642         75        105
00643         83         97
00644         77        103
00645         77        103
00646         62        118
00647         71        109
00648         69        111
00649         75        105
00650         70        110
00651         85         95
00652         79        101
00653         73        107
00654         69        111
00655         68        112
00656         90         90
00657         84         96
00658         77        103
00659         58        122
00660         86         94
00661         79        101
00662         88         92
00663         84         96
00664         68        112
00665         78        102
00666         86         94
00667         78        102
00668         93         87
00669         81         99
00670         78        102
00671         74        106
00672         82         98
00673         87         93
00674         74        106
00675         85         95
00676         76        104
00677         74        106
00678         74        106
00679         81         99
00680         80        100
00681         79        101
00682         77        103
00683         70        110
00684         68        112
00685         75        105
00686         91         89
00687         76        104
00688         68        112
00689         89         91
00690         87         93
00691         73        107
00692         81         99
00693         82         98
00694         77        103
00695         85         95
00696         79        101
00697         83         97
00698         69        111
00699         68        112
00700         67        113
00701         79        101
00702         71        109
00703         76        104
00704         72        108
00705         82         98
00706         82         98
00707         84         96
00708         73        107
00709         79        101
00710         76        104
00711         82         98
00712         80        100
00713         75        105
00714         62        118
00715         64        116
00716         76        104
00717         76        104
00718         91         89
00719         68        112
00720         67        113
00721         80        100
00722         83         97
00723         82         98
00724         83         97
00725         79        101
00726         78        102
00727         68        112
00728         78        102
00729         87         93
00730         83         97
00731         83         97
00732         74        106
00733         76        104
00734         63        117
00735         76        104
00736         80        100
00737         87         93
00738         80        100
00739         88         92
00740         84         96
00741         79        101
00742         89         91
00743         70        110
00744         83         97
00745         84         96
00746         69        111
00747         73        107
00748         76        104
00749         89         91
00750         83         97
00751         64        116
00752         81         99
00753         88         92
00754         82         98
00755         79        101
00756         89         91
00757         80        100
00758         84         96
00759         71        109
00760         79        101
00761         73        107
00762         65        115
00763         74        106
00764         89         91
00765         80        100
00766         71        109
00767         83         97
00768         77        103
00769         78        102
00770         82         98
00771         69        111
00772         75        105
00773         79        101
00774         81         99
00775         72        108
00776         74        106
00777         90         90
00778         72        108
00779         82         98
00780         77        103
00781         67        113
00782         83         97
00783         79        101
00784         65        115
00785         77        103
00786         78        102
00787         79        101
00788         58        122
00789         82         98
00790         78        102
00791         59        121
00792         79        101
00793         80        100
00794         79        101
00795         84         96
00796         71        109
00797         78        102
00798         74        106
00799         81         99
00800         84         96
00801         84         96
00802         63        117
00803         78        102
00804         70        110
00805         76        104
00806         84         96
00807         72        108
00808         76        104
00809         78        102
00810         83         97
00811         80        100
00812         83         97
00813         77        103
00814         78        102
00815         76        104
00816         81         99
00817         81         99
00818         75        105
00819         78        102
00820         82         98
00821         85         95
00822         83         97
00823         73        107
00824         81         99
00825         84         96
00826         69        111
00827         84         96
00828         71        109
00829         67        113
00830         71        109
00831         83         97
00832         71        109
00833         68        112
00834         84         96
00835         85         95
00836         81         99
00837         73        107
00838         85         95
00839         80        100
00840         73        107
00841         98         82
00842         75        105
00843         79        101
00844         89         91
00845         72        108
00846         78        102
00847         80        100
00848         77        103
00849         69        111
00850         76        104
00851         83         97
00852         93         87
00853         75        105
00854         84         96
00855         88         92
00856         85         95
00857         84         96
00858         84         96
00859         73        107
00860         83         97
00861         67        113
00862         78        102
00863         82         98
00864         89         91
00865         77        103
00866         73        107
00867         80        100
00868         86         94
00869         85         95
00870         62        118
00871         88         92
00872         78        102
00873         68        112
00874         80        100
00875         70        110
00876         81         99
00877         78        102
00878         75        105
00879         76        104
00880         66        114
00881         80        100
00882         76        104
00883         66        114
00884         74        106
00885         68        112
00886         75        105
00887         87         93
00888         67        113
00889         79        101
00890         73        107
00891         83         97
00892         85         95
00893         82         98
00894         77        103
00895         80        100
00896         72        108
00897         78        102
00898         83         97
00899         78        102
00900         72        108
00901         69        111
00902         72        108
00903         74        106
00904         63        117
00905         75        105
00906         86         94
00907         73        107
00908         75        105
00909         75        105
00910         80        100
00911         76        104
00912         77        103
00913         73        107
00914         84         96
00915         72        108
00916         60        120
00917         90         90
00918         75        105
00919         81         99
00920         68        112
00921         82         98
00922         84         96
00923         68        112
00924         79        101
00925         77        103
00926         83         97
00927         85         95
00928         76        104
00929         84         96
00930         75        105
00931         78        102
00932         76        104
00933         78        102
00934         81         99
00935         89         91
00936         77        103
00937         81         99
00938         72        108
00939         79        101
00940         71        109
00941         79        101
00942         73        107
00943         92         88
00944         85         95
00945         81         99
00946         75        105
00947         76        104
00948         72        108
00949         77        103
00950         75        105
00951         61        119
00952         59        121
00953         87         93
00954         77        103
00955         80        100
00956         83         97
00957         80        100
00958         69        111
00959         79        101
00960         87         93
00961         71        109
00962         78        102
00963         77        103
00964         74        106
00965         81         99
00966         72        108
00967         75        105
00968         90         90
00969         75        105
00970         84         96
00971         72        108
00972         75        105
00973         74        106
00974         84         96
00975         73        107
00976         81         99
00977         79        101
00978         73        107
00979         75        105
00980         67        113
00981         83         97
00982         73        107
