# This file contains the state of a regularly-spaced histogram
# The layout for the histogram data is as follows:
# - [integer] the out-of-range policy (0 = DO_NOTHING, 1 = THROW)
# - [integer] the number of bins
# - [floating-point] the minimum value
# - [floating-point] the maximum value
# ... followed by the count in each histogram bin, in single-column order...
0
1024
0.00000000e00
5.92353010e00
0
0
0
0
0
0
0
0
0
0
0
0
0
0
0
0
0
0
0
0
0
0
0
0
0
0
0
0
0
0
0
0
0
0
0
0
0
0
0
0
0
0
0
0
0
0
0
0
0
0
0
0
0
0
0
0
0
0
0
0
0
0
0
0
0
0
0
0
0
0
0
0
0
0
0
0
0
0
0
0
0
0
0
0
0
0
0
0
0
0
0
0
0
0
0
0
0
0
0
0
0
0
0
0
0
0
0
0
0
0
0
0
0
0
0
0
0
0
0
0
0
0
0
0
0
0
0
0
0
0
0
0
0
0
0
0
0
0
0
0
0
0
0
0
0
0
0
0
0
0
0
0
0
0
0
0
0
0
0
0
0
0
0
0
0
0
0
0
0
0
0
0
0
0
0
0
0
0
0
0
0
0
0
0
0
0
0
0
0
0
0
0
0
0
0
0
0
0
0
0
0
0
0
0
0
0
0
0
0
0
0
0
0
0
0
0
0
0
0
0
0
0
0
0
0
0
0
0
0
0
0
0
0
0
0
0
0
0
0
0
0
0
0
0
0
0
0
0
0
0
0
0
0
0
0
0
0
0
1
0
1
0
0
3
1
0
1
3
5
5
2
8
11
9
21
15
21
32
34
60
58
68
100
129
131
181
223
295
329
410
525
615
741
878
1061
1268
1443
1827
2144
2538
2979
3615
4236
4846
5605
6531
7612
8939
10465
12038
13927
15808
18422
20842
23681
27460
30986
35810
39965
45223
51413
57673
65343
73525
82698
93087
103972
116161
129267
144178
161081
177858
197913
218653
242737
267068
294693
324788
358926
394056
431204
470294
514055
563066
612695
668086
727551
788407
854794
925055
1000165
1083216
1170905
1258844
1353574
1454122
1561173
1676481
1793805
1921730
2049598
2183676
2330902
2479706
2633594
2802556
2970758
3142929
3317607
3509762
3705212
3905802
4113044
4316995
4535446
4757626
4986439
5217923
5450972
5692894
5936530
6178228
6435321
6686102
6942199
7198860
7451828
7711724
7968884
8219113
8480374
8730827
8975413
9225433
9469450
9706858
9943120
10170296
10383965
10596497
10808934
11005257
11206427
11382796
11563038
11721809
11877593
12023111
12158977
12281913
12390322
12488740
12573812
12648729
12722020
12767345
12801940
12826971
12844787
12844849
12833704
12803141
12772885
12710920
12651364
12577273
12494386
12399390
12288760
12170451
12041340
11898757
11748326
11597555
11432875
11246319
11072149
10874574
10682028
10480222
10267908
10066532
9842354
9618445
9383551
9157530
8929089
8694049
8457785
8220063
7981229
7745657
7517374
7268890
7034862
6801157
6570839
6339320
6112731
5882693
5660446
5448953
5234813
5024009
4818328
4615915
4417142
4229321
4037893
3859092
3680818
3505606
3341021
3182652
3024906
2877823
2729461
2590772
2459286
2328378
2202084
2084910
1970622
1862788
1756408
1663275
1569597
1478866
1394077
1319282
1244314
1172100
1107805
1044599
988664
932321
885361
838478
797926
758751
724743
694137
667214
641212
619566
601970
586424
575624
568327
561690
558585
561313
563777
569506
580162
590762
607012
623198
643960
667479
692664
721322
754356
787834
823228
864675
907719
952806
1002185
1053660
1106165
1163262
1223489
1284724
1351742
1419796
1487948
1562851
1638558
1715862
1798536
1875627
1966829
2053368
2143510
2241943
2333987
2427893
2531970
2625524
2731784
2834388
2941731
3045352
3152006
3262391
3369412
3476353
3586798
3697581
3812521
3919169
4029229
4131854
4238818
4345633
4455653
4557496
4665231
4762778
4861442
4953360
5049831
5138329
5226869
5311027
5390660
5469962
5549005
5609496
5677575
5732755
5792428
5843378
5894820
5937191
5973361
6003119
6039067
6059134
6072709
6091049
6102869
6103067
6097709
6100007
6087930
6065419
6042327
6019102
5987022
5960831
5917092
5874490
5828441
5778539
5727298
5665474
5611839
5548041
5483671
5419134
5348600
5276243
5209322
5133382
5059452
4987690
4913603
4838590
4758797
4688526
4612406
4544236
4474361
4406303
4340376
4273059
4211630
4157687
4099446
4049001
4003376
3957083
3921174
3884764
3857672
3831386
3812571
3802755
3795559
3791471
3795266
3810953
3828135
3854257
3886178
3928095
3968879
4023210
4083606
4157071
4235713
4319998
4414094
4515287
4628137
4746135
4866526
5002077
5144518
5294251
5463019
5629161
5804831
5987992
6180697
6383145
6590064
6803430
7031747
7262004
7500131
7746923
7998046
8259271
8527103
8798055
9079059
9361533
9647632
9941642
10238620
10537460
10844568
11148026
11464454
11776741
12085705
12400954
12719621
13035111
13349890
13663109
13967687
14279626
14594823
14887348
15179319
15478326
15775938
16053094
16341387
16607962
16874506
17134385
17380442
17614913
17851736
18067812
18266353
18474037
18658962
18837086
19003998
19157397
19299324
19435903
19549778
19658462
19740656
19832009
19895103
19951846
20004275
20029161
20044782
20050707
20054806
20038542
20019955
19972910
19933936
19870620
19814748
19735847
19647583
19565231
19459417
19363549
19253360
19137146
19025815
18893949
18773245
18648312
18513658
18381668
18246855
18124710
17994380
17864706
17725354
17601004
17477772
17354667
17233440
17121240
17010577
16912298
16818829
16717015
16630747
16560915
16471365
16399705
16349155
16296433
16240359
16206938
16169607
16138265
16120050
16101599
16100899
16092700
16087943
16104660
16129130
16139298
16164144
16193630
16234903
16260239
16298028
16343413
16382642
16432866
16477346
16511556
16566003
16619423
16666993
16710157
16750108
16782335
16827100
16859998
16890209
16925723
16938444
16955795
16974134
16977454
16977066
16980547
16969646
16952894
16920579
16886751
16845091
16811065
16755616
16697759
16627017
16546896
16463917
16375677
16274789
16171005
16065215
15938876
15814096
15664759
15533138
15377513
15227061
15069955
14898886
14727304
14543228
14360094
14181012
13975367
13790083
13582832
13381651
13168004
12959452
12748358
12531382
12311262
12099432
11879386
11662205
11438178
11223343
11005016
10794840
10577509
10366331
10154356
9947125
9751401
9545136
9343081
9158249
8973137
8789234
8616971
8436853
8276358
8118372
7968565
7824059
7684036
7553967
7439276
7325874
7220417
7118267
7031183
6953421
6879068
6822049
6768823
6726287
6693732
6670129
6652870
6653861
6654008
6671175
6700635
6728677
6770070
6821049
6878624
6948971
7026042
7117898
7205482
7314901
7424757
7544291
7664827
7798958
7941573
8081595
8232210
8388430
8555955
8724587
8900599
9076009
9254690
9445150
9623829
9815968
10006533
10191647
10396062
10596037
10791593
10981303
11178238
11382042
11576664
11771884
11969236
12150897
12342481
12532424
12720022
12897088
13078134
13253011
13425250
13589811
13765871
13918413
14079158
14233055
14376082
14527146
14670253
14801690
14940157
15072163
15194477
15318714
15433984
15558526
15661696
15767104
15874196
15980858
16086156
16184653
16271478
16365427
16463763
16554713
16652108
16732694
16817030
16904210
16993942
17076560
17161394
17247477
17333307
17416584
17505775
17589119
17683185
17776466
17873768
17944646
18048424
18140477
18228952
18318704
18430470
18516092
18621122
18720204
18824925
18909784
19014287
19122680
19226807
19321786
19433160
19539546
19639250
19755277
19846370
19960693
20061081
20156742
20270295
20362208
20461969
20573174
20669153
20761411
20864385
20964705
21058986
21145754
21257725
21349657
21435266
21526866
21614413
21717256
21797248
21884331
21986469
22064939
22152483
22246820
22331956
22419248
22513421
22608061
22707200
22803858
22889918
22991208
23088119
23199976
23306109
