# number of accepted and rejected moves in the single bead position move
00000     166813       5987
00001     166735       6065
00002     166910       5890
00003     166848       5952
00004     166872       5928
00005     166888       5912
00006     166786       6014
00007     166825       5975
00008     166886       5914
00009     166794       6006
00010     166897       5903
00011     166901       5899
00012     166998       5802
00013     166959       5841
00014     166879       5921
00015     166882       5918
00016     166874       5926
00017     166960       5840
00018     166975       5825
00019     166879       5921
00020     166916       5884
00021     166736       6064
00022     166887       5913
00023     166851       5949
00024     166701       6099
00025     166907       5893
00026     166930       5870
00027     166815       5985
00028     166772       6028
00029     166822       5978
00030     166921       5879
00031     166906       5894
00032     166828       5972
00033     166875       5925
00034     166864       5936
00035     166859       5941
00036     166912       5888
00037     166862       5938
00038     166857       5943
00039     166720       6080
00040     166880       5920
00041     166840       5960
00042     166918       5882
00043     166750       6050
00044     166804       5996
00045     166753       6047
00046     166894       5906
00047     166900       5900
00048     166838       5962
00049     166917       5883
00050     166992       5808
00051     166831       5969
00052     166908       5892
00053     166827       5973
00054     166906       5894
00055     166859       5941
00056     166809       5991
00057     166760       6040
00058     166924       5876
00059     166765       6035
00060     166754       6046
00061     166777       6023
00062     166682       6118
00063     166836       5964
00064     166792       6008
00065     166889       5911
00066     166974       5826
00067     166766       6034
00068     166844       5956
00069     166748       6052
00070     166689       6111
00071     166754       6046
00072     166678       6122
00073     166766       6034
00074     166900       5900
00075     166981       5819
00076     166881       5919
00077     166854       5946
00078     166716       6084
00079     166928       5872
00080     166935       5865
00081     166889       5911
00082     166849       5951
00083     166801       5999
00084     166751       6049
00085     166903       5897
00086     166822       5978
00087     166810       5990
00088     166914       5886
00089     166781       6019
00090     166785       6015
00091     166943       5857
00092     166941       5859
00093     166978       5822
00094     166751       6049
00095     166857       5943
00096     166809       5991
00097     166874       5926
00098     166745       6055
00099     166870       5930
00100     166728       6072
00101     166916       5884
00102     166806       5994
00103     166734       6066
00104     166712       6088
00105     166923       5877
00106     166746       6054
00107     166750       6050
00108     166988       5812
00109     166846       5954
00110     166903       5897
00111     166821       5979
00112     166838       5962
00113     166900       5900
00114     166813       5987
00115     166818       5982
00116     166782       6018
00117     166828       5972
00118     166838       5962
00119     166830       5970
00120     166998       5802
00121     166917       5883
00122     166864       5936
00123     166838       5962
00124     166840       5960
00125     166815       5985
00126     166916       5884
00127     166765       6035
00128     166762       6038
00129     166947       5853
00130     166807       5993
00131     166888       5912
00132     166888       5912
00133     166873       5927
00134     166902       5898
00135     166812       5988
00136     166876       5924
00137     166878       5922
00138     166918       5882
00139     166899       5901
00140     166856       5944
00141     166857       5943
00142     166904       5896
00143     166880       5920
00144     166853       5947
00145     166748       6052
00146     166746       6054
00147     166938       5862
00148     166896       5904
00149     167060       5740
00150     166746       6054
00151     166914       5886
00152     166747       6053
00153     166833       5967
00154     166792       6008
00155     166920       5880
00156     166778       6022
00157     166847       5953
00158     166856       5944
00159     166803       5997
00160     166814       5986
00161     166861       5939
00162     166766       6034
00163     166706       6094
00164     166967       5833
00165     166881       5919
00166     166840       5960
00167     166779       6021
00168     166831       5969
00169     166765       6035
00170     166765       6035
00171     166912       5888
00172     166961       5839
00173     166747       6053
00174     166877       5923
00175     166858       5942
00176     166882       5918
00177     166890       5910
00178     166696       6104
00179     166732       6068
00180     166920       5880
00181     166802       5998
00182     166763       6037
00183     166876       5924
00184     166852       5948
00185     166752       6048
00186     166813       5987
00187     166913       5887
00188     166907       5893
00189     166813       5987
00190     166909       5891
00191     166768       6032
00192     166874       5926
00193     166805       5995
00194     166810       5990
00195     166842       5958
00196     166873       5927
00197     166987       5813
00198     166823       5977
00199     166922       5878
00200     166919       5881
00201     166867       5933
00202     166788       6012
00203     166771       6029
00204     166907       5893
00205     166818       5982
00206     166911       5889
00207     166911       5889
00208     166948       5852
00209     166852       5948
00210     166892       5908
00211     166758       6042
00212     166894       5906
00213     166776       6024
00214     166805       5995
00215     166789       6011
00216     166870       5930
00217     166904       5896
00218     166789       6011
00219     166967       5833
00220     166938       5862
00221     166908       5892
00222     166789       6011
00223     166971       5829
00224     166844       5956
00225     166648       6152
00226     166825       5975
00227     166941       5859
00228     166858       5942
00229     166869       5931
00230     166912       5888
00231     166848       5952
00232     166812       5988
00233     166845       5955
00234     166755       6045
00235     166814       5986
00236     166964       5836
00237     166807       5993
00238     166881       5919
00239     166852       5948
00240     166763       6037
00241     166807       5993
00242     166757       6043
00243     166757       6043
00244     166936       5864
00245     166824       5976
00246     166823       5977
00247     166982       5818
00248     166888       5912
00249     166931       5869
00250     166775       6025
00251     166763       6037
00252     166835       5965
00253     167045       5755
00254     166923       5877
00255     166884       5916
00256     166863       5937
00257     166852       5948
00258     166776       6024
00259     166740       6060
00260     166923       5877
00261     166736       6064
00262     166910       5890
00263     166887       5913
00264     166978       5822
00265     166819       5981
00266     166972       5828
00267     166834       5966
00268     167028       5772
00269     166807       5993
00270     166851       5949
00271     166820       5980
00272     166858       5942
00273     166927       5873
00274     166829       5971
00275     166780       6020
00276     166905       5895
00277     166763       6037
00278     166766       6034
00279     166801       5999
00280     166853       5947
00281     166742       6058
00282     166879       5921
00283     166757       6043
00284     167025       5775
00285     166783       6017
00286     166875       5925
00287     166830       5970
00288     166903       5897
00289     166833       5967
00290     166990       5810
00291     166935       5865
00292     166872       5928
00293     166898       5902
00294     166857       5943
00295     166868       5932
00296     166784       6016
00297     166807       5993
00298     166780       6020
00299     166938       5862
00300     166871       5929
00301     166764       6036
00302     166812       5988
00303     166970       5830
00304     166838       5962
00305     166869       5931
00306     166875       5925
00307     166794       6006
00308     166839       5961
00309     166900       5900
00310     166763       6037
00311     166819       5981
00312     166802       5998
00313     166800       6000
00314     166925       5875
00315     166853       5947
00316     166942       5858
00317     166847       5953
00318     166968       5832
00319     166724       6076
00320     166801       5999
00321     166758       6042
00322     166717       6083
00323     166878       5922
00324     166858       5942
00325     166753       6047
00326     166851       5949
00327     166916       5884
00328     166823       5977
00329     166769       6031
00330     166739       6061
00331     166781       6019
00332     166775       6025
00333     166834       5966
00334     166846       5954
00335     166755       6045
00336     166809       5991
00337     166906       5894
00338     166838       5962
00339     166859       5941
00340     166856       5944
00341     166872       5928
00342     166774       6026
00343     166753       6047
00344     166702       6098
00345     166913       5887
00346     166811       5989
00347     166874       5926
00348     166792       6008
00349     166958       5842
00350     166845       5955
00351     166746       6054
00352     166947       5853
00353     166827       5973
00354     166885       5915
00355     166914       5886
00356     166847       5953
00357     166775       6025
00358     166677       6123
00359     166922       5878
00360     166807       5993
00361     166949       5851
00362     166733       6067
00363     166939       5861
00364     166835       5965
00365     166892       5908
00366     166899       5901
00367     166860       5940
00368     166879       5921
00369     166913       5887
00370     166889       5911
00371     166721       6079
00372     166754       6046
00373     166923       5877
00374     166850       5950
00375     166817       5983
00376     166857       5943
00377     166968       5832
00378     166892       5908
00379     166832       5968
00380     166902       5898
00381     166780       6020
00382     166939       5861
00383     166822       5978
00384     166869       5931
00385     166805       5995
00386     166730       6070
00387     166808       5992
00388     166858       5942
00389     166849       5951
00390     166960       5840
00391     166822       5978
00392     166959       5841
00393     166918       5882
00394     166853       5947
00395     166887       5913
00396     166991       5809
00397     166835       5965
00398     166833       5967
00399     166900       5900
00400     166836       5964
00401     166904       5896
00402     166832       5968
00403     166721       6079
00404     166869       5931
00405     166833       5967
00406     166855       5945
00407     166941       5859
00408     166814       5986
00409     166822       5978
00410     166865       5935
00411     166815       5985
00412     166826       5974
00413     166898       5902
00414     166813       5987
00415     166840       5960
00416     166834       5966
00417     166882       5918
00418     166821       5979
00419     166845       5955
00420     166860       5940
00421     166840       5960
00422     166835       5965
00423     166819       5981
00424     166802       5998
00425     166793       6007
00426     166852       5948
00427     166980       5820
00428     166851       5949
00429     166821       5979
00430     166886       5914
00431     166840       5960
00432     167009       5791
00433     166904       5896
00434     166860       5940
00435     166726       6074
00436     166703       6097
00437     166859       5941
00438     166929       5871
00439     166834       5966
00440     166761       6039
00441     166912       5888
00442     166864       5936
00443     166832       5968
00444     166802       5998
00445     166813       5987
00446     166943       5857
00447     166832       5968
00448     166796       6004
00449     166943       5857
00450     166791       6009
00451     166788       6012
00452     166802       5998
00453     166964       5836
00454     166874       5926
00455     166749       6051
00456     166933       5867
00457     166819       5981
00458     166835       5965
00459     166974       5826
00460     166952       5848
00461     166886       5914
00462     166939       5861
00463     166852       5948
00464     166899       5901
00465     166827       5973
00466     166951       5849
00467     166899       5901
00468     166694       6106
00469     166798       6002
00470     166872       5928
00471     166933       5867
00472     166834       5966
00473     166785       6015
00474     166852       5948
00475     166858       5942
00476     166844       5956
00477     166828       5972
00478     166848       5952
00479     166876       5924
00480     166939       5861
00481     166920       5880
00482     166902       5898
00483     166818       5982
00484     166795       6005
00485     166720       6080
00486     166827       5973
00487     166894       5906
00488     166792       6008
00489     166945       5855
00490     166894       5906
00491     166765       6035
00492     166824       5976
00493     166944       5856
00494     166808       5992
00495     166869       5931
00496     166900       5900
00497     166924       5876
00498     166871       5929
00499     166855       5945
00500     167046       5754
00501     166826       5974
00502     166796       6004
00503     166860       5940
00504     166894       5906
00505     166848       5952
00506     166877       5923
00507     166846       5954
00508     166853       5947
00509     166764       6036
00510     166795       6005
00511     166795       6005
00512     166826       5974
00513     166991       5809
00514     166723       6077
00515     166778       6022
00516     166974       5826
00517     166924       5876
00518     166861       5939
00519     166794       6006
00520     166906       5894
00521     166918       5882
00522     166945       5855
00523     166922       5878
00524     166853       5947
00525     166882       5918
00526     166923       5877
00527     166818       5982
00528     166828       5972
00529     166726       6074
00530     166845       5955
00531     166830       5970
00532     166843       5957
00533     166918       5882
00534     166940       5860
00535     166574       6226
00536     166872       5928
00537     166789       6011
00538     166866       5934
00539     166866       5934
00540     166824       5976
00541     166851       5949
00542     166944       5856
00543     166788       6012
00544     166884       5916
00545     166722       6078
00546     166787       6013
00547     166955       5845
00548     166781       6019
00549     166932       5868
00550     166824       5976
00551     166900       5900
00552     166923       5877
00553     166719       6081
00554     166821       5979
00555     166739       6061
00556     166905       5895
00557     166853       5947
00558     166898       5902
00559     166839       5961
00560     166844       5956
00561     166875       5925
00562     166761       6039
00563     166843       5957
00564     166733       6067
00565     166968       5832
00566     166776       6024
00567     166743       6057
00568     166853       5947
00569     166766       6034
00570     166885       5915
00571     166822       5978
00572     166833       5967
00573     166821       5979
00574     166988       5812
00575     166920       5880
00576     166783       6017
00577     166866       5934
00578     166843       5957
00579     166741       6059
00580     166969       5831
00581     166856       5944
00582     166952       5848
00583     166879       5921
00584     166846       5954
00585     166797       6003
00586     166740       6060
00587     166809       5991
00588     166900       5900
00589     166964       5836
00590     166890       5910
00591     166947       5853
00592     166761       6039
00593     166939       5861
00594     166797       6003
00595     166815       5985
00596     166640       6160
00597     166723       6077
00598     166779       6021
00599     166848       5952
00600     166876       5924
00601     166846       5954
00602     166975       5825
00603     166683       6117
00604     167036       5764
00605     166821       5979
00606     166841       5959
00607     166817       5983
00608     166923       5877
00609     166793       6007
00610     166860       5940
00611     166884       5916
00612     166714       6086
00613     166908       5892
00614     166871       5929
00615     166712       6088
00616     166868       5932
00617     166910       5890
00618     166968       5832
00619     166848       5952
00620     166889       5911
00621     166772       6028
00622     166782       6018
00623     167040       5760
00624     166850       5950
00625     166855       5945
00626     166856       5944
00627     166827       5973
00628     166811       5989
00629     166960       5840
00630     166849       5951
00631     166790       6010
00632     166976       5824
00633     166938       5862
00634     166850       5950
00635     166773       6027
00636     166852       5948
00637     166782       6018
00638     166874       5926
00639     166871       5929
00640     166823       5977
00641     166699       6101
00642     166844       5956
00643     166754       6046
00644     166925       5875
00645     166769       6031
00646     166992       5808
00647     166755       6045
00648     166878       5922
00649     166866       5934
00650     166884       5916
00651     166851       5949
00652     167015       5785
00653     166864       5936
00654     166708       6092
00655     166837       5963
00656     166811       5989
00657     166982       5818
00658     166978       5822
00659     166840       5960
00660     166842       5958
00661     166701       6099
00662     166968       5832
00663     166830       5970
00664     167001       5799
00665     166931       5869
00666     166883       5917
00667     166912       5888
00668     166870       5930
00669     166973       5827
00670     166739       6061
00671     166877       5923
00672     166937       5863
00673     166871       5929
00674     166936       5864
00675     166892       5908
00676     166815       5985
00677     166827       5973
00678     166822       5978
00679     166812       5988
00680     166729       6071
00681     166858       5942
00682     166787       6013
00683     166887       5913
00684     166876       5924
00685     166785       6015
00686     166850       5950
00687     166877       5923
00688     166803       5997
00689     166791       6009
00690     166948       5852
00691     166913       5887
00692     166889       5911
00693     166859       5941
00694     166745       6055
00695     166853       5947
00696     166798       6002
00697     167028       5772
00698     166749       6051
00699     166726       6074
00700     166777       6023
00701     166821       5979
00702     166910       5890
00703     166839       5961
00704     166892       5908
00705     166770       6030
00706     166920       5880
00707     166879       5921
00708     166798       6002
00709     166840       5960
00710     166883       5917
00711     166870       5930
00712     166855       5945
00713     166805       5995
00714     166889       5911
00715     166837       5963
00716     166904       5896
00717     166949       5851
00718     166857       5943
00719     166776       6024
00720     166915       5885
00721     166886       5914
00722     166821       5979
00723     166805       5995
00724     166865       5935
00725     166711       6089
00726     166889       5911
00727     166914       5886
00728     166774       6026
00729     166783       6017
00730     166898       5902
00731     166915       5885
00732     166840       5960
00733     166896       5904
00734     166759       6041
00735     166783       6017
00736     166766       6034
00737     166875       5925
00738     166828       5972
00739     166911       5889
00740     166708       6092
00741     166843       5957
00742     166807       5993
00743     166992       5808
00744     166959       5841
00745     166749       6051
00746     166960       5840
00747     166788       6012
00748     166819       5981
00749     166942       5858
00750     166720       6080
00751     166875       5925
00752     166843       5957
00753     166900       5900
00754     166764       6036
00755     166875       5925
00756     166818       5982
00757     166821       5979
00758     166911       5889
00759     166860       5940
00760     166822       5978
00761     166848       5952
00762     166828       5972
00763     166842       5958
00764     166889       5911
00765     166929       5871
00766     166884       5916
00767     166966       5834
00768     166888       5912
00769     166929       5871
00770     166859       5941
00771     166837       5963
00772     167017       5783
00773     166822       5978
00774     166837       5963
00775     166928       5872
00776     166898       5902
00777     166910       5890
00778     166897       5903
00779     166801       5999
00780     166855       5945
00781     166975       5825
00782     166704       6096
00783     166755       6045
00784     166896       5904
00785     166957       5843
00786     166833       5967
00787     166874       5926
00788     166833       5967
00789     166924       5876
00790     166836       5964
00791     167015       5785
00792     166743       6057
00793     166765       6035
00794     166875       5925
00795     166687       6113
00796     166952       5848
00797     166834       5966
00798     166852       5948
00799     166858       5942
00800     166878       5922
00801     166934       5866
00802     166928       5872
00803     166769       6031
00804     166956       5844
00805     166893       5907
00806     166853       5947
00807     166808       5992
00808     167035       5765
00809     167033       5767
00810     166874       5926
00811     166891       5909
00812     166737       6063
00813     166731       6069
00814     166948       5852
00815     166840       5960
00816     166848       5952
00817     166726       6074
00818     166798       6002
00819     166782       6018
00820     166929       5871
00821     166991       5809
00822     166832       5968
00823     166888       5912
00824     166898       5902
00825     166702       6098
00826     166863       5937
00827     166832       5968
00828     166740       6060
00829     166896       5904
00830     166816       5984
00831     166860       5940
00832     166765       6035
00833     166785       6015
00834     166836       5964
00835     166713       6087
00836     166736       6064
00837     166896       5904
00838     166834       5966
00839     166790       6010
00840     166820       5980
00841     166919       5881
00842     166887       5913
00843     166843       5957
00844     166887       5913
00845     166742       6058
00846     166855       5945
00847     166890       5910
00848     166852       5948
00849     166742       6058
00850     166776       6024
00851     166824       5976
00852     166805       5995
00853     166530       6270
00854     166804       5996
00855     166780       6020
00856     166868       5932
00857     166991       5809
00858     166912       5888
00859     166741       6059
00860     166865       5935
00861     166940       5860
00862     166870       5930
00863     166829       5971
00864     166830       5970
00865     166842       5958
00866     166835       5965
00867     166982       5818
00868     166897       5903
00869     166859       5941
00870     166750       6050
00871     166841       5959
00872     166744       6056
00873     166778       6022
00874     166686       6114
00875     166821       5979
00876     166843       5957
00877     166882       5918
00878     166780       6020
00879     166941       5859
00880     166923       5877
00881     166806       5994
00882     166954       5846
00883     166862       5938
00884     166886       5914
00885     166982       5818
00886     166977       5823
00887     166879       5921
00888     166652       6148
00889     166733       6067
00890     166720       6080
00891     166788       6012
00892     166898       5902
00893     166899       5901
00894     166857       5943
00895     166790       6010
00896     166946       5854
00897     166804       5996
00898     166880       5920
00899     166913       5887
00900     166905       5895
00901     166699       6101
00902     166946       5854
00903     166968       5832
00904     166762       6038
00905     166695       6105
00906     166877       5923
00907     166917       5883
00908     166751       6049
00909     166877       5923
00910     166832       5968
00911     166717       6083
00912     166860       5940
00913     166839       5961
00914     166840       5960
00915     166864       5936
00916     166951       5849
00917     166723       6077
00918     166750       6050
00919     166887       5913
00920     166922       5878
00921     166794       6006
00922     166921       5879
00923     166994       5806
00924     166763       6037
00925     166838       5962
00926     166956       5844
00927     166808       5992
00928     166967       5833
00929     166915       5885
00930     166828       5972
00931     166725       6075
00932     166900       5900
00933     166752       6048
00934     166759       6041
00935     166803       5997
00936     166832       5968
00937     166753       6047
00938     166859       5941
00939     166829       5971
00940     166779       6021
00941     166811       5989
00942     166835       5965
00943     166873       5927
00944     166873       5927
00945     166753       6047
00946     166967       5833
00947     166938       5862
00948     166887       5913
00949     166877       5923
00950     166759       6041
00951     166809       5991
00952     166876       5924
00953     166816       5984
00954     166856       5944
00955     166872       5928
00956     166837       5963
00957     166950       5850
00958     166911       5889
00959     166751       6049
00960     166889       5911
00961     166857       5943
00962     166917       5883
00963     166757       6043
00964     166917       5883
00965     166949       5851
00966     166781       6019
00967     166608       6192
00968     166966       5834
00969     166895       5905
00970     166777       6023
00971     166858       5942
00972     166830       5970
00973     166745       6055
00974     166842       5958
00975     166971       5829
00976     166926       5874
00977     166762       6038
00978     166825       5975
00979     166880       5920
00980     166909       5891
00981     166940       5860
00982     166876       5924
