# This file contains the state of a regularly-spaced histogram
# The layout for the histogram data is as follows:
# - [integer] the out-of-range policy (0 = DO_NOTHING, 1 = THROW)
# - [integer] the number of bins
# - [floating-point] the minimum value
# - [floating-point] the maximum value
# ... followed by the count in each histogram bin, in single-column order...
0
1024
0.00000000e+00
9.28088750e+00
0
0
0
0
0
0
0
0
0
0
0
0
0
0
0
0
0
0
0
0
0
0
0
0
0
0
0
0
0
0
0
0
0
0
0
0
0
0
0
0
0
0
0
0
0
0
0
0
0
0
0
0
0
0
0
0
0
0
0
0
0
0
0
0
0
0
0
0
0
0
0
0
0
0
0
0
0
0
0
0
0
0
0
0
0
0
0
0
0
0
0
0
0
0
0
0
0
0
0
0
0
0
0
0
0
0
0
0
0
0
0
0
0
0
0
0
0
0
0
0
0
0
0
0
0
0
0
0
0
0
0
0
0
0
0
0
0
0
0
0
0
0
0
0
0
0
0
0
0
0
0
0
0
0
0
0
0
0
0
0
0
0
0
0
0
0
0
0
0
0
0
0
0
0
0
0
0
0
0
0
0
0
0
0
0
0
0
0
0
0
0
0
0
0
0
0
0
0
0
0
0
0
0
0
0
0
0
0
0
0
0
0
0
0
0
0
0
0
0
0
0
0
0
0
0
0
0
0
0
0
0
0
0
0
0
0
0
0
0
0
0
0
0
0
0
0
0
0
0
0
0
0
0
0
0
0
0
0
0
0
0
0
0
0
0
0
0
0
0
0
0
0
0
0
0
0
0
0
0
0
0
0
0
0
0
0
0
0
0
0
0
0
0
0
0
0
0
0
0
0
0
0
0
0
0
0
0
0
0
0
0
0
0
0
0
0
0
0
0
0
0
0
0
0
0
0
0
1
1
0
0
0
1
1
0
1
3
1
0
1
0
3
7
4
2
1
3
8
6
9
11
13
12
20
25
25
22
31
37
31
45
45
49
61
67
84
78
90
113
105
134
155
181
194
194
213
216
257
268
270
316
357
341
426
415
467
479
505
542
563
564
620
632
669
692
711
711
780
798
788
849
823
909
841
870
964
899
1001
974
1071
923
937
981
902
990
983
936
926
940
897
940
866
905
850
845
852
832
909
832
752
763
699
738
658
705
683
616
651
587
557
640
528
524
498
467
461
476
450
445
406
398
361
357
348
361
312
324
268
291
258
266
246
256
229
213
208
192
205
184
164
186
155
162
154
136
154
152
145
136
120
121
126
123
92
101
109
104
92
100
88
102
87
86
86
105
94
93
94
77
97
83
85
79
78
80
91
92
95
81
89
83
81
73
89
85
75
88
88
102
89
90
78
86
95
77
87
105
86
85
91
120
96
96
106
112
94
129
123
126
105
120
132
144
110
127
126
133
151
133
152
139
162
149
184
170
190
164
196
187
194
180
203
181
210
213
184
221
214
212
226
236
243
237
256
271
243
248
245
287
287
265
272
278
306
275
282
308
309
291
333
310
349
313
331
337
318
319
321
320
324
327
336
310
356
321
349
324
308
307
316
351
348
330
296
321
340
315
295
281
284
307
309
272
281
313
351
276
278
289
286
282
300
273
278
257
284
301
269
317
287
288
308
270
273
255
283
273
284
301
308
296
316
282
325
330
359
349
387
342
382
368
376
393
365
406
392
445
448
458
456
486
488
487
504
541
560
529
574
536
623
574
684
632
686
667
700
737
720
764
830
811
824
829
867
855
844
984
915
897
992
998
1003
1021
1046
1093
1069
1152
1100
1114
1128
1127
1173
1134
1224
1146
1245
1157
1240
1224
1335
1285
1274
1206
1219
1262
1272
1322
1241
1184
1332
1262
1241
1205
1156
1208
1160
1158
1143
1165
1188
1155
1107
1126
1108
1132
1069
1052
1060
1034
1038
1033
997
1001
926
966
1023
978
981
909
927
919
925
915
997
888
857
914
851
895
835
886
899
874
822
841
873
903
909
903
858
861
901
863
893
899
898
871
878
851
932
952
945
956
960
973
911
980
907
942
943
922
948
916
908
1039
970
960
952
977
985
946
983
953
1009
989
1050
1025
1005
1013
970
980
959
958
971
970
972
936
975
972
950
923
980
998
941
902
916
959
856
890
847
859
857
839
808
851
779
796
795
726
756
778
721
717
716
709
737
733
673
661
699
674
684
564
635
655
599
613
590
577
571
571
578
556
577
582
572
551
462
550
466
526
544
543
509
545
566
542
480
518
541
532
538
561
532
532
537
585
542
580
518
608
596
583
648
644
586
600
656
650
675
712
663
719
723
730
736
679
721
758
800
812
790
793
829
837
847
836
846
891
871
842
872
907
890
931
910
984
932
972
981
941
983
958
1013
975
973
969
1006
983
1019
980
944
998
1024
992
1094
1042
1039
1096
1047
1107
1026
1036
1055
1060
1038
1077
1066
1072
1038
1115
1106
1053
1085
1093
1005
1072
1083
1144
1133
1117
1135
1163
1158
1208
1179
1150
1110
1207
1178
1187
1239
1182
1196
1197
1199
1168
1135
1211
1262
1328
1236
1256
1257
1312
1265
1305
1270
1301
1324
1274
1318
1326
1325
1301
1354
1311
1332
1326
1436
1339
1383
1443
1437
