000   000
001   001
002   002
003   003
004   004
005   005
006   006
007   007
008   008
009   009
010   010
011   011
012   012
013   013
014   014
015   015
016   016
017   017
018   018
019   019
020   020
021   021
022   022
023   023
024   024
025   025
026   026
027   027
028   028
029   029
030   030
031   031
032   032
033   033
034   034
035   035
036   037
037   038
038   039
039   040
040   041
041   042
042   043
043   044
044   045
045   046
046   047
047   048
048   049
049   050
050   051
051   052
052   053
053   054
054   055
055   056
056   057
057   058
058   059
059   060
060   061
061   062
062   063
063   064
064   065
065   066
066   067
067   068
068   069
069   070
070   071
071   072
072   073
073   074
074   075
075   076
076   077
077   078
078   079
079   080
080   081
081   082
082   083
083   084
084   085
085   086
086   087
087   088
088   089
089   090
090   092
091   093
092   094
093   095
094   096
095   097
096   098
097   099
098   100
099   101
100   102
101   103
102   104
103   105
104   106
105   107
106   108
107   109
108   110
109   111
110   112
111   113
112   114
113   115
114   116
115   117
116   118
117   119
118   120
119   121
120   122
121   123
122   124
123   125
124   126
125   127
126   128
127   129
128   130
129   131
130   132
131   133
132   134
133   135
134   136
135   137
136   138
137   139
138   140
139   141
140   143
141   144
142   145
143   146
144   147
145   148
146   149
147   150
148   151
149   152
150   153
151   154
152   155
153   156
154   157
155   158
156   159
157   160
158   161
159   162
160   163
161   164
162   165
163   166
164   167
165   168
166   169
167   170
168   171
169   172
170   173
171   174
172   175
173   176
174   177
175   178
176   179
177   180
178   181
179   182
180   183
181   184
182   185
183   186
184   187
185   188
186   189
187   190
188   191
189   192
190   193
191   194
192   195
193   196
194   197
195   198
196   199
197   200
198   202
199   204
200   205
201   206
202   207
203   208
204   209
205   210
206   211
207   212
208   213
209   214
210   215
211   216
212   217
213   218
214   219
215   220
216   221
217   222
218   223
219   224
220   225
221   226
222   227
223   228
224   229
225   230
226   231
227   232
228   233
229   234
230   235
231   236
232   237
233   238
234   239
235   240
236   241
237   242
238   243
239   244
240   245
241   246
242   247
243   248
244   249
245   250
246   251
247   252
248   253
249   254
250   255
251   256
252   257
253   258
254   259
255   260
256   261
257   262
258   263
259   264
260   265
261   266
262   267
263   268
264   269
265   270
266   271
267   272
268   273
269   274
270   275
271   276
272   277
273   278
274   279
275   280
276   281
277   282
278   283
279   284
280   285
281   286
282   287
283   288
284   289
285   290
286   291
287   292
288   293
289   294
290   295
291   296
292   297
293   298
294   299
295   300
296   301
297   302
298   303
299   304
300   305
301   306
302   307
303   308
304   309
305   310
306   311
307   312
308   313
309   314
310   315
311   316
312   317
313   318
314   319
315   320
316   321
317   322
318   323
319   324
320   325
321   326
322   327
323   328
324   329
325   330
326   331
327   332
328   333
329   334
330   335
331   336
332   337
333   338
334   339
335   340
336   341
337   342
338   343
339   344
340   345
341   346
342   347
343   348
344   349
345   350
346   351
347   352
348   353
349   354
350   355
351   356
352   357
353   358
354   359
355   360
356   361
357   362
358   363
359   364
360   365
361   366
362   367
363   368
364   369
365   370
366   371
367   372
368   373
369   374
370   375
371   376
372   377
373   378
374   379
375   380
376   381
377   382
378   383
379   384
380   385
381   386
382   387
383   388
384   389
385   390
386   391
387   392
388   393
389   394
390   395
391   396
392   397
393   398
394   399
395   400
396   401
397   402
398   403
399   404
400   405
401   406
402   407
403   408
404   409
405   410
406   411
407   412
408   413
409   414
410   415
411   416
412   417
413   418
414   419
415   420
416   421
417   422
418   423
419   424
420   425
421   426
422   427
423   428
424   429
425   430
426   431
427   432
428   433
429   434
430   435
431   436
432   437
433   438
434   439
435   440
436   441
437   442
438   443
439   444
440   445
441   446
442   447
443   448
444   449
445   450
446   451
447   452
448   453
449   454
450   455
451   456
452   457
453   458
454   459
455   460
456   461
457   462
458   463
459   464
460   465
461   466
462   467
463   468
464   469
465   470
466   471
467   472
468   474
469   475
470   476
471   477
472   478
473   479
474   480
475   481
476   482
477   483
478   484
479   485
480   486
481   487
482   488
483   489
484   490
485   491
486   492
487   493
488   494
489   495
490   496
491   497
492   498
493   499
494   500
495   501
496   502
497   503
498   504
499   505
500   506
501   507
502   508
503   509
504   510
505   511
506   512
507   513
508   514
509   515
510   516
511   518
512   519
513   520
514   521
515   522
516   523
517   524
518   525
519   526
520   527
521   528
522   529
523   530
524   531
525   532
526   533
527   534
528   535
529   536
530   537
531   538
532   539
533   540
534   541
535   542
536   543
537   544
538   545
539   546
540   547
541   548
542   549
543   550
544   551
545   552
546   553
547   554
548   555
549   556
550   557
551   558
552   559
553   560
554   561
555   562
556   563
557   564
558   565
559   566
560   567
561   569
562   570
563   571
564   572
565   573
566   574
567   575
568   576
569   577
570   578
571   579
572   580
573   581
574   582
575   583
576   584
577   585
578   586
579   587
580   588
581   589
582   590
583   591
584   592
585   593
586   594
587   595
588   596
589   597
590   598
591   599
592   600
593   601
594   602
595   603
596   604
597   605
598   606
599   607
600   608
601   609
602   610
603   611
604   612
605   613
606   614
607   615
608   616
609   617
610   618
611   619
612   620
613   621
614   622
615   623
616   624
617   625
618   626
619   627
620   628
621   629
622   630
623   631
624   632
625   634
626   635
627   636
628   637
629   638
630   639
631   640
632   641
633   642
634   643
635   644
636   645
637   646
638   647
639   648
640   649
641   650
642   651
643   652
644   653
645   654
646   655
647   656
648   657
649   658
650   659
651   660
652   661
653   662
654   663
655   664
656   665
657   666
658   668
659   669
660   670
661   671
662   672
663   673
664   674
665   675
666   676
667   677
668   678
669   679
670   680
671   681
672   682
673   683
674   684
675   685
676   686
677   688
678   689
679   690
680   691
681   692
682   693
683   694
684   695
685   696
686   697
687   698
688   699
689   700
690   701
691   702
692   703
693   704
694   705
695   706
696   707
697   708
698   709
699   710
700   711
701   712
702   713
703   714
704   715
705   716
706   717
707   718
708   719
709   720
710   721
711   722
712   723
713   724
714   725
715   726
716   727
717   728
718   729
719   730
720   731
721   732
722   733
723   734
724   735
725   736
726   737
727   738
728   739
729   740
730   741
731   742
732   743
733   744
734   745
735   746
736   747
737   748
738   749
739   750
740   751
741   752
742   753
743   754
744   755
745   756
746   757
747   758
748   759
749   760
750   761
751   762
752   763
753   764
754   765
755   766
756   767
757   768
758   769
759   770
760   771
761   772
762   773
763   774
764   775
765   776
766   777
767   778
768   779
769   780
770   781
771   782
772   783
773   784
774   785
775   786
776   787
777   788
778   789
779   790
780   791
781   792
782   793
783   794
784   795
785   796
786   797
787   798
788   799
789   800
790   801
791   802
792   803
793   804
794   805
795   806
796   807
797   808
798   809
799   810
800   811
801   812
802   813
803   814
804   815
805   816
806   817
807   818
808   819
809   820
810   821
811   822
812   823
813   824
814   825
815   826
816   827
817   828
818   829
819   830
820   831
821   832
822   833
823   834
824   835
825   836
826   837
827   838
828   839
829   840
830   841
831   842
832   843
833   844
834   845
835   846
836   847
837   848
838   849
839   850
840   851
841   852
842   853
843   854
844   855
845   856
846   857
847   858
848   859
849   860
850   861
851   862
852   863
853   864
854   865
855   866
856   867
857   868
858   871
859   872
860   873
861   874
862   875
863   876
864   877
865   878
866   879
867   880
868   881
869   882
870   883
871   884
872   885
873   886
874   887
875   888
876   889
877   890
878   891
879   892
880   893
881   894
882   895
883   896
884   897
885   898
886   899
887   900
888   901
889   902
890   903
891   904
892   905
893   906
894   907
895   908
896   909
897   910
898   911
899   912
900   913
901   914
902   915
903   916
904   917
905   918
906   920
907   923
908   924
909   925
910   926
911   927
912   928
913   929
914   930
915   931
916   932
917   933
918   934
919   935
920   936
921   937
922   938
923   939
924   940
925   941
926   942
927   943
928   944
929   945
930   946
931   947
932   948
933   949
934   950
935   951
936   952
937   953
938   954
939   955
940   956
941   957
942   958
943   959
944   960
945   961
946   962
947   963
948   964
949   965
950   966
951   967
952   968
953   969
954   970
955   971
956   972
957   973
958   974
959   975
960   976
961   977
962   978
963   979
964   980
965   981
966   982
967   983
968   984
969   985
970   986
971   988
972   989
973   990
974   991
975   992
976   993
977   994
978   995
979   996
980   997
981   998
982   999
