# This file contains the state of a regularly-spaced histogram
# The layout for the histogram data is as follows:
# - [integer] the out-of-range policy (0 = DO_NOTHING, 1 = THROW)
# - [integer] the number of bins
# - [floating-point] the minimum value
# - [floating-point] the maximum value
# ... followed by the count in each histogram bin, in single-column order...
0
1024
0.00000000e+00
9.28088750e+00
0
0
0
0
0
0
0
0
0
0
0
0
0
0
0
0
0
0
0
0
0
0
0
0
0
0
0
0
0
0
0
0
0
0
0
0
0
0
0
0
0
0
0
0
0
0
0
0
0
0
0
0
0
0
0
0
0
0
0
0
0
0
0
0
0
0
0
0
0
0
0
0
0
0
0
0
0
0
0
0
0
0
0
0
0
0
0
0
0
0
0
0
0
0
0
0
0
0
0
0
0
0
0
0
0
0
0
0
0
0
0
0
0
0
0
0
0
0
0
0
0
0
0
0
0
0
0
0
0
0
0
0
0
0
0
0
0
0
0
0
0
0
0
0
0
0
0
0
0
0
0
0
0
0
0
0
0
0
0
0
0
0
0
0
0
0
0
0
0
0
0
0
0
0
0
0
0
0
0
0
0
0
0
0
0
0
0
0
0
0
0
0
0
0
0
0
0
0
0
0
0
0
0
0
0
0
0
0
0
0
0
0
0
0
0
0
0
0
0
0
0
0
0
0
0
0
0
0
0
0
0
0
0
0
0
0
0
0
0
0
1
0
0
0
0
0
1
0
1
0
0
1
1
0
3
2
2
5
1
7
7
7
6
8
11
12
11
25
24
27
34
41
48
59
60
63
62
79
74
92
126
114
141
166
185
206
228
271
241
288
333
344
448
429
500
536
613
623
704
739
812
788
915
951
1010
1118
1164
1270
1340
1426
1506
1646
1735
1823
1836
1903
2109
2177
2344
2419
2508
2700
2775
2897
3088
3183
3254
3348
3605
3641
3829
3976
4196
4189
4454
4473
4793
4838
5081
5198
5311
5388
5557
5923
6008
6124
6194
6410
6542
6725
6715
7060
7266
7297
7477
7596
7905
7798
8131
8132
8439
8518
8747
8909
9032
9111
9289
9417
9654
9593
9871
10006
10192
10150
10383
10397
10740
10544
11012
10904
11230
11156
11135
11424
11368
11646
11751
11671
11797
11857
11926
12089
12241
12381
12451
12520
12316
12442
12628
12752
12844
12821
12751
12647
12765
12857
12839
12806
12995
13014
12984
13172
13226
12997
13153
13085
12886
13165
13042
13046
13317
13205
13261
13051
13279
13057
12973
13129
13263
12866
12825
12656
12871
12673
12810
12698
12571
12698
12578
12678
12584
12399
12435
12302
12284
12377
11982
12081
12020
11915
11947
11895
11648
11613
11576
11556
11460
11432
11294
11163
11205
10857
10817
10979
10852
10645
10681
10556
10480
10409
10304
10286
10064
10071
10367
9868
10056
9614
9679
9613
9432
9538
9354
9503
9396
9081
9057
9121
9023
8861
8760
8733
8693
8681
8584
8513
8413
8299
8327
8191
8107
8215
8088
8022
8087
7936
7925
7689
7735
7665
7508
7698
7643
7475
7493
7414
7368
7472
7464
7472
7297
7316
7204
7205
7073
7225
7091
7184
6985
7258
7094
6964
7122
7069
7068
7092
7151
7010
7083
7096
6911
7138
6970
7257
6906
7083
6994
7115
7089
7281
7106
7162
7071
7235
7198
7107
7273
7392
7259
7475
7541
7200
7423
7441
7472
7518
7600
7606
7732
7815
7766
7924
7714
7996
8079
8038
8035
8082
8314
8115
8562
8511
8248
8554
8576
8786
8636
8676
8923
8870
9238
9231
9321
9283
9293
9560
9595
9911
9746
9835
9984
10023
10125
10158
10286
10513
10274
10459
10781
10949
11126
11019
11053
11047
11287
11467
11530
11534
11592
12130
12098
12139
12465
12297
12586
12917
12768
12781
12957
13268
13247
13327
13645
13684
13933
13944
14022
14304
14430
14905
14950
14834
15099
15087
15662
15358
15750
15554
15852
16139
16351
16401
16654
16939
16929
17037
17200
17251
17802
17647
18132
18006
18195
18532
18585
18711
18943
19145
19101
19286
19381
19947
20037
19835
20044
20436
20312
20840
20908
21084
21119
21303
21411
21665
21946
22078
22338
22295
22677
22639
22901
23288
23083
23479
23333
23594
23566
23908
23967
24167
24598
24940
24732
24802
25241
25096
25610
25190
25666
25557
26122
26077
25887
26201
26171
26704
26575
26725
26666
26928
26960
27038
27300
27134
27350
27463
27693
27582
27895
27991
28077
28357
28074
28290
28350
28359
28505
28449
28724
28615
28746
28628
28652
28807
28854
28700
29151
29489
29187
28971
29074
29688
29439
29599
29495
29006
29493
29671
29803
29274
29127
29410
29587
29690
29597
29431
29432
29793
29462
29687
29407
29536
29637
29370
29658
29321
29634
29341
29619
29559
29513
29520
29492
29155
29562
29522
29250
29114
28980
28723
29234
29152
28964
29027
29008
29082
29235
28572
28843
28936
28913
28802
28326
28395
28587
28570
28142
28609
28398
28376
28230
28574
27945
28410
28000
28315
28086
27894
27844
27785
27844
27459
27426
27465
27542
27244
27409
27364
27175
27320
27019
27021
26937
27172
27007
26842
26840
26657
26698
26554
26464
26658
26816
26421
26464
26440
26358
26291
26280
26269
26178
26224
26495
25981
26366
26181
25897
26090
26000
25927
25735
25883
25925
25717
25611
25848
25652
25753
25728
25875
25463
25486
25527
26062
25486
25755
25850
25703
25730
25560
25815
25786
25427
25652
25996
25965
25898
26180
25746
26027
25942
26062
26016
26136
26305
26175
26243
25906
26281
26349
26598
26543
26330
26825
26803
26590
26790
27184
26745
27150
27191
27409
27193
27188
27630
27592
27722
28029
28021
27783
28274
28205
28437
28476
28695
28841
28921
29090
29134
29051
29031
29568
29637
29733
29542
29970
29766
30075
30267
30341
30708
30709
30584
30812
31312
31490
31588
31508
31730
31949
32360
32174
32642
32683
32698
33317
33094
33273
33096
33656
33819
33723
33779
34162
34283
34670
34599
35017
35344
35864
35658
35678
36094
36025
36241
36325
36832
36887
37046
37525
37808
37730
38198
38163
38175
38449
38784
38976
39204
39234
39585
39881
39694
39933
40495
40385
41063
40756
41295
41276
41459
42020
41960
42209
42703
42476
42764
43171
43359
43473
43878
43428
44117
44205
44766
44481
45094
44767
45633
45822
45726
46428
46053
46093
